clusters =  1
confusion_matrix =

   61   19   10
   26   61    7
   17   25   35

acc =  0.60153

pre1 =  0.58654
pre2 =  0.58095
pre3 =  0.67308
meanpre =  0.61352
rec1 =  0.67033
rec2 =  0.79221
rec3 =  0.37634
meanrec =  0.61296
f1 =  0.62564
f2 =  0.67033
f3 =  0.48276
meanf =  0.59291
acc =  0.60153


