
lambda =

   2.8251e+04
   3.1707e+05

reducedQ =

   0   1

   a =

   552     8    13
     0   519    22
     0    46   576

RD_GROUP3





LS_GROUP#

lambda =

   53.292
   43.645

reducedQ =

   1   0
a =

   123     2     0
     0   122     3
     0     0   125




