N1 = 573
N2 = 542
N3 = 623

lambda =

   2.8251e+04
   3.1707e+05

reducedQ =

   0   1

   a =

   552     8    13
     0   519    22
     0    46   576

pre1 =  1
pre2 =  0.90576
pre3 =  0.94272
meanpre =  0.94949
rec1 =  0.96335
rec2 =  0.95933
rec3 =  0.92605
meanrec =  0.94958
f1 =  0.98133
f2 =  0.93178
f3 =  0.93431
meanf =  0.94914
acc =  0.94873


RD_GROUP3



N1 = 125 = N2 = N3

LS_GROUP3

lambda =

   53.292
   43.645

reducedQ =

   1   0

a =

   123     2     0
     0   122     3
     0     0   125

pre1 =  1
pre2 =  0.98387
pre3 =  0.97656
meanpre =  0.98681
rec1 =  0.98400
rec2 =  0.97600
rec3 =  1
meanrec =  0.98667
f1 =  0.99194
f2 =  0.97992
f3 =  0.98814
meanf =  0.98667
acc =  0.98667



