K = 2
Confusion =

   66    4   20
   15   53    9
   25    9   59

pre1 =  0.62264
pre2 =  0.80303
pre3 =  0.67045
meanpre =  0.69871
rec1 =  0.73333
rec2 =  0.68831
rec3 =  0.63441
meanrec =  0.68535
f1 =  0.67347
f2 =  0.74126
f3 =  0.65193
fmean =  0.68889
acc =  0.68462

K = 4
52    2   36
6    48   23
19    1   73

K = 12
confusion_matrix =

   52    2   36
    6   48   23
   19    1   73



