SPEECH DATA

K = 1
Confusion =

   19    2    0
    4    5    2
    0    0   12

pre1 =  0.82609
pre2 =  0.71429
pre3 =  0.50000
meanpre =  0.68012
rec1 =  0.90476
rec2 =  0.45455
rec3 =  1
meanrec =  0.78644
f1 =  0.86364
f2 =  0.55556
f3 =  0.66667
fmean =  0.69529
acc =  0.81818



K = 2
Confusion =

   21    0    0
    5    6    0
    2    1    9

pre1 =  0.75000
pre2 =  0.85714
pre3 =  1
meanpre =  0.86905
rec1 =  1
rec2 =  0.54545
rec3 =  0.75000
meanrec =  0.76515
f1 =  0.85714
f2 =  0.66667
f3 =  0.85714
fmean =  0.79365
acc =  0.81818



K = 3
Confusion =

   21    0    0
    5    3    3
    1    0   11

pre1 =  0.77778
pre2 =  1
pre3 =  0.78571
meanpre =  0.85450
rec1 =  1
rec2 =  0.27273
rec3 =  0.91667
meanrec =  0.72980
f1 =  0.87500
f2 =  0.42857
f3 =  0.84615
fmean =  0.71658
acc =  0.79545



K = 4
Confusion =

   20    1    0
    4    5    2
    1    0   11

pre1 =  0.80000
pre2 =  0.83333
pre3 =  0.84615
meanpre =  0.82650
rec1 =  0.95238
rec2 =  0.45455
rec3 =  0.91667
meanrec =  0.77453
f1 =  0.86957
f2 =  0.58824
f3 =  0.88000
fmean =  0.77927
acc =  0.81818



K = 8
Confusion =

   21    0    0
    5    6    0
    0    1   11

pre1 =  0.80769
pre2 =  0.85714
pre3 =  1
meanpre =  0.88828
rec1 =  1
rec2 =  0.54545
rec3 =  0.91667
meanrec =  0.82071
f1 =  0.89362
f2 =  0.66667
f3 =  0.95652
fmean =  0.83894
acc =  0.86364

K = 12
Confusion =

   21    0    0
    6    3    2
    2    1    9

pre1 =  0.72414
pre2 =  0.75000
pre3 =  0.81818
meanpre =  0.76411
rec1 =  1
rec2 =  0.27273
rec3 =  0.75000
meanrec =  0.67424
f1 =  0.84000
f2 =  0.40000
f3 =  0.78261
fmean =  0.67420
acc =  0.75000


K = 20

Confusion =

   21    0    0
    7    3    1
    2    1    9

pre1 =  0.70000
pre2 =  0.75000
pre3 =  0.90000
meanpre =  0.78333
rec1 =  1
rec2 =  0.27273
rec3 =  0.75000
meanrec =  0.67424
f1 =  0.82353
f2 =  0.40000
f3 =  0.81818
fmean =  0.68057
acc =  0.75000


K = 32

Confusion =

   21    0    0
    8    2    1
    6    0    6

pre1 =  0.60000
pre2 =  1
pre3 =  0.85714
meanpre =  0.81905
rec1 =  1
rec2 =  0.18182
rec3 =  0.50000
meanrec =  0.56061
f1 =  0.75000
f2 =  0.30769
f3 =  0.63158
fmean =  0.56309
acc =  0.65909






